62.333333333333336
48.0
61.0
90.0
52.0
54.0
90.33333333333333
58.333333333333336
55.0
73.33333333333333
65.0
51.333333333333336
61.666666666666664
52.0
73.33333333333333
49.333333333333336
88.0
51.333333333333336
69.33333333333333
69.33333333333333
75.66666666666667
59.0
52.0
72.0
75.33333333333333
77.33333333333333
77.33333333333333
84.33333333333333
49.0
76.0
63.666666666666664
65.66666666666667
64.0
48.333333333333336
69.66666666666667
59.666666666666664
56.0
48.0
60.333333333333336
60.0
49.333333333333336
43.333333333333336
47.666666666666664
75.0
72.66666666666667
51.666666666666664
64.0
38.666666666666664
73.66666666666667
61.333333333333336
54.666666666666664
63.333333333333336
73.33333333333333
63.333333333333336
64.66666666666667
69.0
56.0
45.333333333333336
61.333333333333336
79.33333333333333
45.0
55.0
69.66666666666667
82.0
47.666666666666664
50.333333333333336
39.0
60.333333333333336
47.666666666666664
56.0
76.0
65.33333333333333
68.0
61.0
60.333333333333336
57.666666666666664
69.0
85.33333333333333
59.333333333333336
50.666666666666664
63.333333333333336
63.333333333333336
40.0
64.33333333333333
77.66666666666667
58.333333333333336
69.66666666666667
49.0
63.96590909090909 62.18181818181818 60.22727272727273